
[1]
3170.7
3194.7
4384.1
4601.1

[2]
5885.6
5962.3
8097.4
8442.1

[3]
8097.6
8110.7
9480.2
9552.2

[4]
8620.3
8541.1
9638.9
9628.2

[5]
5772.3
5757.1
6181.6
6264.4

[6]
5808.5
5738.3
6203.5
6250.0

[7]
6253.4
6215.5
6995.3
7201.1

[8]
6366.3
6250.9
6765.3
6836.8

[9]
6907.3
6810.2
7349.6
7424.4

[10]
6254.4
6102.7
6582.2
6709.1

[11]
6445.3
6383.1
6936.8
6999.5

[12]
6668.9
6568.9
7029.7
7158.8

[13]
6982.9
6844.9
7423.9
7554.0

[14]
6847.8
6757.6
7373.0
7460.1

[15]
7033.6
6839.1
7507.3
7577.2

[16]
6968.9
6806.7
7418.4
7480.3

[17]
6872.9
6769.9
7405.9
7629.7

[18]
6975.9
7050.4
7560.3
7680.0

[19]
7093.7
6918.6
7537.7
7646.7

[20]
7251.6
7181.0
7890.6
8022.5

[21]
7226.8
7118.3
7811.2
8077.8

[22]
7168.4
7051.5
7680.0
7859.1

[23]
6881.7
7074.9
7421.4
7951.8

[24]
7410.5
6794.7
7725.5
7504.2

[25]
7363.8
7217.9
7895.8
8028.9

[26]
7491.0
7378.7
7999.4
8120.4

[27]
7535.4
7221.8
8183.3
8240.1

[28]
7583.3
7409.8
8104.3
8240.1

[29]
7748.9
7545.7
8171.1
8311.7

[30]
7660.6
7486.4
8255.1
8366.4

[31]
7797.3
7608.2
8337.1
8511.2

[32]
7737.0
7645.6
8262.8
8356.2

[33]
7757.5
7576.4
8256.2
8556.7

[34]
7827.4
7679.7
8404.5
8454.6

[35]
7884.1
7819.7
8447.7
8625.0

[36]
7881.8
7768.5
8531.2
8619.1

[37]
8056.8
7778.7
8428.7
8726.6

[38]
8019.2
7749.7
8638.7
8730.2

[39]
7926.7
7768.9
8476.9
8685.3

[40]
8001.2
7754.6
8595.1
8852.5

[41]
8035.4
7774.2
8460.2
8653.9

[42]
7976.8
7925.9
8542.7
8895.5

[43]
8167.0
7922.8
8611.4
8781.2

[44]
8166.7
8000.8
8428.4
8912.6

[45]
7826.7
7860.5
8573.6
8508.5

[46]
8231.7
7957.8
8601.9
8741.2

[47]
8153.7
7815.2
8646.8
8812.8

[48]
8268.7
7933.7
8634.3
8878.4

[49]
7890.0
7579.3
8629.4
8446.0

[50]
7832.0
8050.3
8718.4
8987.2

[51]
7926.7
8011.6
8944.5
8508.9

[52]
7820.9
8066.9
8719.4
8943.2

[53]
8268.7
8001.2
8461.2
8739.7

[54]
8179.9
7818.3
8567.2
8768.4

[55]
7904.7
7875.6
8471.6
8769.6

[56]
8231.3
7918.1
8720.0
8773.2

[57]
7735.4
7631.8
8388.0
8717.5

[58]
7923.5
7956.2
8938.9
9108.9

[59]
8209.7
8069.8
8758.5
9093.3

[60]
8058.8
7368.9
8860.0
8952.2
